3.08234570793 1.10315032974 0.543027023338 0.35814417621 0.127068619323 0.018473723283
3.944758758 1.19776058939 0.592279158515 0.387437039523 0.144866492113 0.0189630057565
3.88395526549 1.10772014891 0.514566800644 0.354947450794 0.130610938228 0.0142267592845
2.30729299013 1.05486457301 0.51072456493 0.330111337121 0.0982872986117 0.0193514989114
2.84788000363 1.12065654617 0.545684325358 0.369708572198 0.128116032614 0.0178281819817
3.66693853086 1.09357544554 0.523692789122 0.35798383504 0.132217620853 0.0156406914174
3.73971369347 1.07632203308 0.474553247624 0.351788540409 0.1230111337 0.0148877446299
2.20471419888 0.992977425527 0.511865898133 0.29883598185 0.101691068725 0.0203283762125
2.29310340414 1.07975799106 0.505369554375 0.350765528427 0.111586265666 0.0179433537723
4.08261477492 1.29719430686 0.631625405414 0.407782088646 0.14169579686 0.0217747146199
3.26984683209 1.06823495248 0.489125757244 0.333648756024 0.105422281846 0.016824444164
2.50912480313 1.05776900661 0.500062731861 0.340789819754 0.109138831813 0.0177728390335
3.58438781287 1.16772759798 0.563653254895 0.370673010858 0.132196248893 0.0181804660138
3.21431053566 1.07138375748 0.495158287396 0.35534991559 0.122887881108 0.0153551011817
1.97633803229 1.0246402744 0.484994589731 0.324120233637 0.106362852289 0.0165091466201
2.88467201109 1.09024075056 0.527797962574 0.353090901761 0.122964948714 0.0182213581624
3.6862319638 1.16996365308 0.584508442104 0.38912000426 0.149025797091 0.0181744617069
2.79343769443 1.19135404417 0.573739448285 0.369271957028 0.118095561913 0.0226818733625
3.15263549773 1.03466683435 0.484248693479 0.316617843198 0.0993648658435 0.0169341733294
2.88197439746 1.18796874804 0.560002241467 0.37879728128 0.115538231547 0.0195572696285
2.75964100505 0.943533052216 0.442002071288 0.310117852431 0.108495569275 0.0134867282388
2.58408727453 1.0152607205 0.478402248095 0.317591190977 0.0986451673054 0.0178561065222
3.41518266491 1.09170562626 0.529629478345 0.351380856341 0.126198784503 0.0176413473603
3.04650722165 1.14923979363 0.574523193538 0.359907828647 0.124419476827 0.0199069278273
3.01808843685 1.1324637762 0.538386096187 0.363831445699 0.117535497089 0.0172037553606
2.04918689741 0.905407531803 0.392692800543 0.311428012442 0.0990716199957 0.0121528268492
1.96913288605 1.04363080294 0.497312421646 0.33482557703 0.110664191036 0.0162469521861
2.23738282134 1.08929099282 0.517158464798 0.355189017788 0.11091921736 0.0182281355137
3.68036631179 1.14931871976 0.546294810669 0.369840822499 0.1308456533 0.0173242624047
3.73098455166 1.20351353107 0.610018161436 0.380066272517 0.142316650161 0.0200434688865
2.90382209928 1.1525730561 0.567094269357 0.370196271344 0.12659771761 0.0190356592646
2.5168352291 1.0857914479 0.503499737645 0.361870803465 0.122606826455 0.0162856327329
2.61999554047 1.12354844231 0.525215285187 0.378522054042 0.124407920463 0.0167543110576
3.83611861634 1.19410627919 0.586300871249 0.399413592776 0.15004620652 0.0157751615846
2.44521040457 1.1335415648 0.556099493938 0.343874118099 0.100972176011 0.0211524005427
3.52538161413 1.12843566507 0.557460130313 0.36726471921 0.135188337474 0.0171246035493
3.59861599829 1.08195592937 0.55357692939 0.33905831904 0.124291168267 0.0194048126219
2.56445853927 1.06032683329 0.504907439955 0.335551366293 0.106102159839 0.0172193545262
3.35379052404 1.19011984417 0.546674891454 0.408615898584 0.139397830828 0.0153825903705
3.29216197188 1.16969642565 0.527935428364 0.381982195974 0.123597697928 0.0172654227891
3.00592513865 1.21019159414 0.545463996706 0.399755256817 0.123341538203 0.0177674500299
3.54289020805 1.03444885001 0.480773269734 0.338908347271 0.124460130152 0.0146020958423
3.17985493538 1.1307205573 0.559156003469 0.360031750818 0.123668292617 0.0194153995721
3.39500448297 1.15366077747 0.544787273066 0.360002400832 0.115989495933 0.0183952760767
2.60344603126 1.04786202706 0.511225944344 0.330042586255 0.107989392143 0.0176166012774
2.33608274658 1.04536653609 0.454727105231 0.359023848102 0.111906947761 0.0140043470335
2.93119823642 1.13188255824 0.531933742514 0.373724027743 0.121231126652 0.0164218609726
2.76578319972 0.974442672326 0.451544804002 0.324670713854 0.114093172812 0.0135846927752
3.15019978858 1.08975470689 0.514796344783 0.34847853332 0.115268532185 0.0160785786318
3.24569711787 1.0796782272 0.487249815105 0.337406059136 0.104868779054 0.0145776452035
2.44197054274 1.13356634483 0.506751127185 0.379400370117 0.124837706586 0.0163808004609
2.38680923924 1.03068616181 0.482424951667 0.350107975983 0.116294790346 0.0152738348449
2.98176781013 1.24060226919 0.618825945943 0.38904509886 0.126416154586 0.0223956443856
2.61254595807 1.06160340738 0.538297596968 0.327986986499 0.110552960482 0.0190190060893
3.05130860099 1.13398432298 0.590230815003 0.336955435353 0.117875208141 0.0213953053324
2.897340732 1.07765836672 0.548872343606 0.340791007458 0.125816903759 0.0189140062769
3.00121008018 1.02528913611 0.509746879607 0.337295193072 0.123417967879 0.0161202743481
3.26400046707 1.1590284706 0.554815144231 0.378731280036 0.128683281326 0.0170352639704
3.94305801506 1.18509765662 0.600009331257 0.36841689804 0.135672502475 0.0207804344524
2.92362888331 1.01567822035 0.484515631533 0.341051626144 0.120276678096 0.0147052133722
3.55117996682 1.29463950188 0.62557296582 0.431803053765 0.154003339754 0.0200805237023
1.94206879235 1.04033613055 0.432942606441 0.347434779311 0.102517702488 0.0140013952124
3.5187532524 1.12451071245 0.527426819877 0.358848809267 0.122758123232 0.0174228221128
2.1709602999 0.985433586179 0.424637448438 0.31824921527 0.102854122575 0.0144740707781
2.40758317733 1.00029113283 0.458304480679 0.351868755775 0.117741825551 0.01349434812
3.73392238979 1.20815523714 0.618937415568 0.385130230509 0.143034233013 0.0212891265935
2.27956701532 1.11543599533 0.518214773651 0.347093711086 0.0996654262213 0.0207412848705
2.75659998447 1.01499754419 0.516630236156 0.325595904119 0.121910702772 0.0179248987189
3.42005769031 1.15268102591 0.546513017423 0.353655312062 0.109254089875 0.0205484267631
3.54465508302 1.0718056543 0.524458785149 0.341060833908 0.125709448237 0.0162098951464
2.39399011224 1.17042361372 0.547992014554 0.382183395677 0.114422944285 0.0187877417942
3.2829155479 1.06842516514 0.521080059522 0.340130463308 0.119925782148 0.0180950033826
3.05943046092 1.11279386597 0.521828017548 0.356044119391 0.114074959456 0.0166768312664
3.86762627887 1.20578357847 0.606693168502 0.365316801383 0.126820751748 0.0209473857626
2.6049081995 1.06127692982 0.50936168593 0.346279304563 0.1160562883 0.0164688638819
2.64651230043 1.06833396794 0.485532707564 0.366368309883 0.119834129189 0.0148823495785
2.7134632869 1.12123670546 0.533533776685 0.368808056159 0.118108252233 0.0167353198601
3.19754185825 1.17701866834 0.598194394896 0.352319749484 0.110198625323 0.0231142433119
2.84294139106 1.10919834884 0.529250135952 0.358200068003 0.118953261874 0.0181771301974
2.86794217156 1.14859428129 0.563551659749 0.353732426189 0.112676711265 0.020193638419
4.13763320515 1.14438670784 0.560024694325 0.37418861039 0.147320306155 0.0174626386616
3.51910898295 1.13445081801 0.539569042791 0.345135794149 0.110445807412 0.019591752603
2.80378972399 1.07155252188 0.489197272406 0.337712505297 0.10035442826 0.0173340992721
2.61403419634 1.14281570386 0.537445216905 0.379224656477 0.12021844577 0.017300804205
2.80939162568 1.0226144494 0.482559632424 0.319280291694 0.0994645296555 0.0179876202775
3.03215081687 1.14825925801 0.542051946345 0.385297978866 0.13108027524 0.0167257654376
2.8944825062 1.24724191654 0.596127883491 0.396711749046 0.121892725179 0.0214335666143
2.83159663991 1.03871328753 0.479818243106 0.343503550079 0.114740504441 0.0150634359436
3.35945715004 1.12453136339 0.551234419971 0.358787902692 0.125210521988 0.0176417365756
2.91246346031 1.15669837481 0.561474147712 0.363594347444 0.115078627414 0.0199291430597
3.57060936506 1.15320319546 0.58813124852 0.346309526355 0.112872148245 0.0222282586044
3.09419406602 1.07336993995 0.479984367464 0.360064412755 0.118074105528 0.014448004413
1.83312258053 1.02696256783 0.461596126259 0.352106198845 0.104579100917 0.014558072858
3.52573605673 1.23626991611 0.630171938561 0.394246080102 0.141193140887 0.0195550785351
2.80833668332 1.09019086935 0.460216426082 0.362897920415 0.107497776075 0.014864352902
3.07141961047 1.19631385062 0.601441419611 0.383691660621 0.138646717607 0.0202832463822
2.38436711037 1.10808297714 0.524070642565 0.362556749134 0.114329014869 0.0176539768144
3.4710986236 1.13347981108 0.536343704198 0.361792342623 0.12237620575 0.017876838055
1.75796629961 1.0062119 0.46116012322 0.311330799204 0.090347184684 0.0188520780482
3.31553589059 1.09130836545 0.560280044831 0.34300091612 0.127433407723 0.0188309988254

