2.9747115699 1.03596324746 0.497638456014 0.330971556935 0.112086640279 0.0167180500845
3.23306324581 1.08683806675 0.523677477469 0.35085392363 0.12154280557 0.0165253744621
3.15720556824 1.06280824078 0.492700194946 0.35001777045 0.119251818814 0.015201012497
3.16595758197 1.089189837 0.510663410674 0.34709422186 0.114465583332 0.0171105352208
2.98324324328 1.01597200751 0.504949496399 0.320490449473 0.111065339211 0.01735937701
2.93605645494 0.967193040865 0.454884475024 0.311834764324 0.107673734122 0.0148032269505
3.0020711036 1.22471982145 0.57664117131 0.394296089656 0.123871182371 0.0202270692351
3.38781907061 1.15919068805 0.535446818861 0.36631410896 0.120170239028 0.0177098393946
3.3187607529 1.17028577773 0.535736522285 0.381660053617 0.124218111824 0.0173578576414
3.03119999999 1.07719172989 0.503092753584 0.349678945644 0.114992260964 0.0163799000207

3.45831338361 1.05687194459 0.503065864937 0.343388849985 0.123772766548 0.0150818776618
3.17519993787 1.05644682247 0.471303496047 0.342695811567 0.111339606435 0.0146620797914
2.70430531775 1.12548288789 0.551500117267 0.354941758365 0.113602813732 0.0199832864307
2.42009677596 1.03357082965 0.466511999725 0.342126688344 0.107124596398 0.0155259215695
2.56094839314 0.937531328724 0.431901491174 0.303509285083 0.101740212501 0.0145868108547
2.95428740365 1.06753803353 0.487441694058 0.346197342201 0.111154341189 0.0162078170039
3.18977491415 1.06414536303 0.534849997105 0.334889120938 0.11843911206 0.0188902414328
3.38353161173 1.13687828131 0.514119535585 0.353592979996 0.109790943748 0.016926335186
2.96039643983 1.07984383965 0.50507964886 0.343373021773 0.108730901342 0.0159391926186
3.10260614011 1.1397624178 0.531617127346 0.384244755449 0.130579542532 0.0164020978268

