3.37270404271 1.20636174256 0.569660853458 0.370885290242 0.119112034154 0.0191786702296
3.46163965858 0.920039761469 0.387021617048 0.306412864098 0.110019241354 0.0117119851789
3.71819222274 1.25478600832 0.630692291004 0.383456380374 0.13554765165 0.0212150037592
2.52519187052 0.938618099492 0.416419197857 0.311952628284 0.109683258142 0.0131567948056
4.1608327854 1.22774092117 0.659504531101 0.380520591648 0.151876334458 0.0227660183617
2.74343454115 1.22886481289 0.581477222412 0.375208538426 0.102032328032 0.0215649225645
2.23808213908 1.21130702367 0.54176362333 0.429300087279 0.125089168174 0.0157811552431
1.89716457356 1.00961952276 0.490590773295 0.304484821408 0.0932641360421 0.0205178490476
4.02021396112 1.15334225456 0.555422940962 0.347015419544 0.122366419877 0.0175875291819
2.8023197014 0.95949664009 0.461822713838 0.32851306945 0.122214788797 0.0133283586701
3.15076082048 1.12191987353 0.506961203096 0.36363260771 0.118499586032 0.0168152727902
3.44078341873 1.10588127047 0.487763661092 0.345437828114 0.111406425793 0.0146969431548
2.69544659438 1.00626623469 0.487438097525 0.323120735692 0.116152255833 0.0172764487846
3.20245207777 0.985411702179 0.499452553075 0.287214467945 0.0922844075437 0.0193555856734
2.97101414156 1.24253502333 0.562347270376 0.400131421502 0.123085205581 0.0199637213352
3.26807867797 0.94605238398 0.457396747983 0.306888990473 0.116920294958 0.0137343909252
2.12824764964 0.985760136679 0.444882813465 0.337496950033 0.109259437571 0.0135524515207
1.85422372567 1.12815187106 0.491817438348 0.327953740026 0.0930247557622 0.0228994762744
2.6468284032 1.31387788109 0.65342909332 0.411902039432 0.131117215943 0.0234185660278
2.71051084309 1.23249474319 0.609566009539 0.3757680299 0.112430396776 0.0229963975778
2.25251678379 0.914233201754 0.461730364547 0.291561130526 0.10620920845 0.0151115312626
2.73898773611 1.18174741089 0.584293085548 0.366170296946 0.115995984774 0.0220318782779
2.28984342763 0.971326618112 0.464681890465 0.325227557554 0.120638535434 0.0139774149762
1.2857180036 0.766718169749 0.314284586202 0.257347804386 0.0623905487997 0.0103115367229
2.87875241667 1.18938553888 0.542700568935 0.392642045711 0.11957712047 0.0157668044988
2.8294388196 0.933357683759 0.496140218432 0.275660538716 0.0880794124677 0.0206403820856
2.14973594878 0.840658060514 0.405128584364 0.267354778826 0.0882153093882 0.0132972482284
4.14729303465 1.24988949443 0.630931359465 0.395814189659 0.150567020725 0.0209069221077
3.25990602655 1.22376234767 0.596717234737 0.366484898673 0.109702138496 0.0246791009633
2.9748780009 0.991226024184 0.439764145844 0.31786702408 0.107600925712 0.0132481839353
3.8899891035 1.02509156146 0.489830424494 0.312542809952 0.109700577875 0.0176238768044
2.88285649956 1.08653907866 0.509394332476 0.356938362806 0.120270991153 0.0163387803816
3.20919340083 0.977194722518 0.431310114883 0.313210608752 0.101272072408 0.012470254334
1.57179077437 1.00175058411 0.492177371806 0.26895752849 0.0866909826337 0.0205960620146
2.33934844489 1.08204999977 0.518086472071 0.346730482247 0.105549638511 0.0180900223251
3.81962921788 1.13770369268 0.550151782745 0.367765235252 0.135878783571 0.0161932606662
1.34151412443 0.906495443176 0.419677704967 0.28624479168 0.0918068236013 0.0156367275088
3.41656322454 1.22030526361 0.570157891031 0.385240288308 0.121816992499 0.0171718169119
3.9800106203 1.26084763763 0.618433233424 0.398642661521 0.141283494726 0.0195960800473
2.44361291121 1.00551443365 0.479676318427 0.294940077459 0.0897532176521 0.0206884362548
1.6240737159 1.17308697531 0.539222759099 0.370359818038 0.0935902833511 0.0228772088203
1.9461577789 0.959401525295 0.413199050197 0.326586616341 0.0933110894822 0.013008706663
2.74265271395 1.0508741876 0.461045116664 0.328474817931 0.0991162767931 0.015643170596
4.44442874624 1.30280842078 0.564305792168 0.437031757286 0.152316896422 0.0160441180715
1.72777449295 0.760920601018 0.317844869475 0.259340720556 0.0720039325328 0.0099624509222
1.36654452374 0.985155195249 0.431788781901 0.305427613289 0.0738307775116 0.0165803929201
3.64329182639 1.1216213276 0.48631478602 0.357554851801 0.115365463705 0.0160870666642
2.32681719445 1.03156948664 0.516523981118 0.316057901899 0.114190956838 0.0196659215625
3.39182094249 1.26832421471 0.646437639706 0.40445991404 0.144916306236 0.0227036951892
3.32994830113 1.24348161106 0.607665785098 0.375330188913 0.115344925759 0.0207522015486
4.20461361448 1.29169644264 0.581652714719 0.396555228094 0.132054578291 0.0177703876756
2.84272518104 1.1727306732 0.582041771536 0.366812242059 0.138253060085 0.0200462724609
3.31722214295 1.17487088314 0.576437391156 0.371574159914 0.125180214768 0.0208188898529
2.6044750995 1.03201523019 0.524895677884 0.339746765354 0.12378790803 0.0161626069704
1.86244702621 1.04566288309 0.507899112592 0.344464526513 0.11354680796 0.0172909854862
3.19221977569 1.24008309625 0.624630361211 0.382431601538 0.128638019605 0.0212791398666
3.76784742409 1.10705865286 0.504042442954 0.35123966462 0.126493546901 0.0154928805203
3.90256905321 1.10496584425 0.47935698153 0.355279112794 0.124521558603 0.0151918835577
2.79634487783 1.11740079104 0.502765614985 0.373909721352 0.122943936266 0.0157940918881
3.18120635718 1.14086196372 0.522715777801 0.406113724525 0.140878305321 0.0145251714881
2.04156675739 0.932388487737 0.452205398345 0.290621126718 0.117408375712 0.0148952017459
3.15529937382 1.21699942298 0.580811071449 0.375238306511 0.112769086942 0.0205207751773
2.62121266687 1.0310704923 0.506826696377 0.308425286026 0.0953459166795 0.0188306285319
2.96196719121 1.09326179668 0.50301720262 0.349619879902 0.112547815813 0.0144880215948
1.92889417276 1.00181695045 0.474569332004 0.346505286262 0.118993725337 0.0150084382526
4.401969293 1.27280870759 0.595043854757 0.413600098316 0.151061139528 0.018267880894
3.38889158898 1.3319136062 0.635043903733 0.44157992892 0.147097709949 0.0195072562134
3.76254618807 1.13704853736 0.572411771056 0.380595555443 0.149916703748 0.0167843626333
2.21771863281 0.92677264566 0.442245386134 0.275407076744 0.106705188557 0.0160214351731
3.30506181361 0.99836533257 0.52336741204 0.304132900606 0.105257716683 0.0205779451799
4.32354824217 1.24313893819 0.562871235252 0.401660252958 0.146568254499 0.0156286932612
2.76781474509 1.06541074368 0.547916323026 0.319091717473 0.101440298211 0.0213031065305
3.79078844041 1.28813101868 0.622538795914 0.40733347215 0.137608985359 0.0212943960796
3.55425479966 1.06415617701 0.462193052046 0.349634373705 0.120705150682 0.0134839354759
2.71290705252 1.14163770132 0.493178715447 0.365575450847 0.106830849396 0.0168266778694
3.76465346964 1.25266180864 0.543955410912 0.416501505061 0.135560164888 0.0162151773268
2.92208561229 1.23630710805 0.548198829156 0.430451639018 0.14003896881 0.0165378940937
1.13233583556 1.00909008778 0.464902035488 0.308605486084 0.0817815052779 0.0198737911944
1.25844755503 0.959581350446 0.442372236325 0.292081080171 0.0907744667117 0.0153661567037
2.0076483383 1.04123270042 0.451047072205 0.34060624392 0.114076532806 0.0131678837151
3.97007436622 1.2016233683 0.54242612034 0.389531911508 0.134272910527 0.0163085802242
1.85871564565 1.04339377488 0.469804704481 0.326798258122 0.106527380928 0.0142419608098
4.3398066953 1.18732648201 0.628999600094 0.384829615833 0.160747830597 0.018765419197
1.60379748951 1.19471258265 0.54656487012 0.407352804207 0.122292486675 0.0178785167724
3.94441623452 1.22218252861 0.548526310809 0.426840077835 0.149150917859 0.0144406978271
3.31478375135 1.14721754898 0.564205629076 0.379710925798 0.139973390621 0.0182425231575
2.11171516852 1.14737013014 0.509068375228 0.352168170835 0.116972598286 0.0196885540741
2.76070405189 1.17582864283 0.588231256589 0.373902977891 0.128720941958 0.0197858151648
1.78165951112 1.07948238389 0.58100584019 0.322023448975 0.124692621062 0.0202966200298
2.29637371125 0.936724230784 0.451166497375 0.285424537758 0.0945441417244 0.0178539484497
3.04955497929 1.23150746576 0.616990606563 0.358068482336 0.101546808564 0.0250216187484
2.36767105341 1.07494515386 0.495940456443 0.344050440066 0.101071736676 0.0174483685065
2.87276483629 1.00105488614 0.474550725685 0.308847457823 0.100035327248 0.0146121119498
3.09381167536 1.2769108812 0.60147362474 0.404407158659 0.12426812401 0.0221383353926
4.16318284378 1.14009658646 0.51820643021 0.347739197401 0.122353896997 0.0174200953129
2.40820830466 0.931344611041 0.497772992492 0.264964250518 0.0784313728391 0.0214195770079
2.18866053168 0.824268713251 0.398361692631 0.270628907715 0.105386136352 0.0121372449684
3.33740732017 1.21355767844 0.622055376052 0.393243173312 0.14710953103 0.0211149663329
3.29983014597 1.13171459471 0.575797737913 0.3634650874 0.135456620715 0.0199305198478
2.78287213869 1.11992799545 0.561767956044 0.341651512159 0.116835021883 0.0211746114355

3.80064212676 1.09245460053 0.527483679627 0.372331323346 0.144046706287 0.0144722329174
2.15184516531 0.932079477096 0.42978129891 0.263914885051 0.094885805858 0.0140151421847
2.49298327335 1.0545347634 0.502693442997 0.320870992395 0.1036056234 0.020396880115
2.42899368799 1.12605504239 0.522123968705 0.377480597998 0.119729955879 0.0165900292903
2.33226018635 0.979021805073 0.424953074087 0.321214585557 0.0904251060584 0.0128641530347
2.92483845299 1.1603467209 0.594757733667 0.355253315708 0.119801849894 0.0225617381068
2.86816023609 1.22462775599 0.604786100789 0.392818920874 0.143770333757 0.0211098392804
2.13411134073 1.12547537807 0.555619774028 0.342568262654 0.12779581696 0.018836984395
1.13934750944 1.00022707227 0.488948203635 0.302152751325 0.0923310688687 0.0194813756838
2.33839063478 1.1737823951 0.484618933534 0.419565642263 0.117749794783 0.0143642183012
1.89924758369 1.08019951682 0.589840352681 0.316757302202 0.122541235928 0.0203564452866
3.55793862797 1.04853079334 0.464966681593 0.309716190947 0.0976929309391 0.0154283677844
1.74488630761 0.90108841687 0.4050787089 0.317916702732 0.10080475446 0.0116148587389
2.38411250591 1.06526739303 0.479791349996 0.321776803521 0.0947914254608 0.0194587847324
3.95910453331 1.10127157811 0.513765661188 0.345257749742 0.125749143609 0.0156717592608
2.98502547419 0.90111703981 0.442267723663 0.314747444185 0.127962834097 0.0127689692791
3.28187453069 1.13987013624 0.548338729485 0.385988774003 0.141457097833 0.0168697494329
2.02393525268 1.19318666925 0.580766494742 0.367653481221 0.125026609015 0.0217776460773
2.46512746138 1.10696063192 0.500581495991 0.380070996128 0.131686035002 0.0155713781957
3.10076797299 1.12479969256 0.570315861488 0.349371926704 0.132868042047 0.0183573635168
1.98242957664 1.1215859274 0.55585336796 0.373095493093 0.131258404604 0.0192362440361
3.3384253325 1.00191219365 0.488722724958 0.325237628462 0.121424761259 0.0152233013407
3.22937206847 1.09323614177 0.469581660214 0.365179216901 0.113599198589 0.0137154534925
1.68145468381 1.06027588596 0.474517798807 0.339047600335 0.0965320263432 0.0185140524907
2.64241065071 1.03407008538 0.420329614736 0.339865420996 0.0944437029528 0.0141229709699
3.28924326142 1.26750264551 0.628420139541 0.384561308737 0.124874649971 0.0223405114989
1.20222827004 1.15023517197 0.53874915379 0.364819484981 0.110007906583 0.0204985307122
1.88350024916 1.01604567513 0.434215650709 0.323121972807 0.0814267725955 0.0144954126743
3.17669945415 1.37264354364 0.689096003573 0.436077184738 0.147210839276 0.0229213514706
3.97187743975 1.13594718893 0.582794244853 0.330439506986 0.109824132478 0.0221997061626
4.28717353605 1.06041700297 0.469908005224 0.32641298535 0.120969029755 0.015022074234
3.45611112624 1.11698426501 0.532027598852 0.33025635799 0.103311017384 0.0184655267347
1.87771341685 0.999296721431 0.49544838312 0.31692533679 0.118790576033 0.0178383235923
1.60747514825 1.06540634355 0.508202526653 0.319311285798 0.106659939728 0.0173672596564
3.90547539138 1.13211065787 0.61775524861 0.344282649299 0.135638742283 0.0215855728261
3.85424890608 0.965883427446 0.441149505336 0.295665774495 0.10830807939 0.0147027367229
2.47855995329 1.25443961726 0.602860132444 0.397610734825 0.126142115208 0.0231025261716
2.269825958 1.20153881551 0.535444231205 0.392335064452 0.120154990635 0.0189875938509
1.77494872965 0.923997544021 0.447553195191 0.286718979573 0.0858361031761 0.0170206277444
3.51515577752 1.07875552223 0.563013721318 0.320591991078 0.108674855391 0.0217481874516
3.60367634231 1.22259640899 0.569175889516 0.370742094806 0.120977852697 0.0187835178751
4.18784765944 1.13863967181 0.574895756535 0.363753335586 0.144211668732 0.0174968737612
3.09601087105 1.01483761559 0.492634778909 0.324241629691 0.114248878982 0.0158826837071
2.40597725557 1.04959027325 0.42771155589 0.353473409466 0.0945631807038 0.0136833772621
3.14895286444 1.12579804807 0.546791990858 0.34564205571 0.116765193179 0.0186934401295
2.99272220411 1.10183744469 0.528958188145 0.345139759173 0.121419082728 0.0184370410015
3.19879983617 1.03253404706 0.490463729726 0.343093774047 0.122174794289 0.014480372825
1.61690314277 0.96235290921 0.478004700721 0.299670186402 0.101729873874 0.0160758812959
3.51143396405 1.15206449323 0.572591554174 0.331678425312 0.104295645213 0.0211071598996
1.23220356518 0.932050483342 0.453296610605 0.276824873585 0.0955208796399 0.0137695973074
2.43251998383 1.13336393072 0.501617097408 0.367920660597 0.101797783065 0.0173722892402
1.89890564054 0.991201622371 0.443098626436 0.339134731153 0.104354832711 0.012461682648
1.47528944835 0.916422003844 0.423016844113 0.276556190194 0.0822701092626 0.0149963504359
3.71472520462 1.17555617885 0.62141877076 0.361987662825 0.132586492934 0.0224695516095
3.68883884022 1.12426932228 0.554794354768 0.366539093927 0.13848249395 0.0139408379805
2.26234514182 0.941348125634 0.449231962395 0.32305203433 0.110745419038 0.0134032787988
1.43872290181 0.948365952314 0.402684056961 0.327031292823 0.0870105383958 0.0129524044643
1.84394929728 0.956244348447 0.474071524228 0.278822314285 0.102545780386 0.0175008203229
3.18462602012 1.07475660049 0.555798866906 0.343064733545 0.13769095728 0.0180249620317
1.95533579253 1.12586680831 0.536674162865 0.328959830247 0.0995328232537 0.0228782509833
2.61443842119 1.17135378067 0.541015340328 0.407657193186 0.133362716485 0.01626255606
1.37688685223 0.948156871349 0.411002764745 0.332912884818 0.093393430223 0.012038087865
2.07561604513 0.911173318416 0.425349797701 0.279206859395 0.103144984131 0.0146402660312
3.50079732718 1.05832984853 0.498714851012 0.328655838507 0.119008290718 0.0149899740152
2.98045463128 1.07709312638 0.510216300546 0.337305415408 0.105950950529 0.0182483762239
3.00536149979 1.10511894669 0.556931435533 0.339240056714 0.110818343673 0.0206550893488
2.62349373294 1.25972304827 0.614356800883 0.4099777754 0.140878971834 0.0213692100463
3.05574409998 1.06620684637 0.454878605552 0.344984501858 0.103986772214 0.0152869731083
2.20916195475 1.17127712175 0.602269769778 0.359115561237 0.133790975354 0.0214139611563
2.41434293186 1.20202739681 0.534439619739 0.399133933402 0.135960980345 0.0172968392741
3.42216502587 1.25328373055 0.572355489247 0.394141757378 0.120125366846 0.021037780157
3.21979107423 1.01749883774 0.551959154507 0.31215296621 0.128873107066 0.0175832963979
2.6741222823 1.14364173422 0.508447285034 0.384045661229 0.113570654599 0.0155034232934
2.25176261385 1.03676203016 0.5273917326 0.331456366186 0.115944840111 0.017808274122
2.56178091147 1.11112666139 0.564303898826 0.344966378021 0.116844429014 0.0207016614131
2.68636871366 1.09661873932 0.577744429799 0.33394602061 0.135646284668 0.0192368486935
1.60130310413 1.20667998675 0.53296927258 0.3683798391 0.105032514723 0.0223251426608
2.62059649826 1.17023378602 0.552262884555 0.383575462994 0.133365648259 0.0191380409117
2.8736782163 1.16160843685 0.530538199207 0.393208484112 0.138647960938 0.0166180349625
1.68625352018 1.10355125799 0.542062082834 0.337395082399 0.0990064566745 0.0216994687561
1.46574998643 0.996258869569 0.473785881767 0.32521700513 0.107477932131 0.0138079986726
2.39646284917 1.1764376478 0.594313615731 0.366684562269 0.140786064975 0.0213329771157
3.06554896995 1.17599432956 0.551251639831 0.365414102338 0.109708876984 0.0201044758997
3.72300083242 1.13035408078 0.52138091443 0.352251500193 0.123765839575 0.0142512453295
3.40058231897 1.05190711106 0.5119955193 0.334438226322 0.121638305271 0.0151903224796
2.2530438215 1.02271871151 0.524674789959 0.331402560506 0.121481426354 0.0175475874017
3.40078214249 1.16338957815 0.544424870685 0.403260955961 0.142181344728 0.0145276064312
2.14068039467 1.02657332009 0.505662322015 0.27800168866 0.0867075776814 0.0213418682559
2.47789811561 1.05651789499 0.518950413934 0.33215996128 0.10510438253 0.0181454367521
2.64965557077 1.1947804115 0.560869919563 0.361889897533 0.112980750893 0.0233657182541
3.26816642113 0.967777258043 0.492538092771 0.302590116584 0.110977734266 0.0175808680888
2.11261330494 1.01561263313 0.43404950705 0.287672997302 0.0840874103673 0.0192544431757
4.04543099027 1.17873461021 0.600226373415 0.362608681568 0.140552832584 0.020227697762
3.83290158641 0.993822053806 0.46385166764 0.296991778151 0.108471957528 0.0151665206559
3.64013540992 1.25814936124 0.643295258272 0.397086567291 0.144589219639 0.0223932051879
2.29289665048 0.977643392736 0.44472456144 0.323017213383 0.0992177541729 0.0130846022971
2.35808207146 1.2837424691 0.610305552301 0.418445624244 0.133923221854 0.0219611549343
3.03489367962 1.19596455087 0.603899839967 0.369715190144 0.12154120019 0.0215340893431
3.75722178263 1.07821021355 0.582960172485 0.321626395701 0.131367165584 0.019273794135
2.13054129108 1.25796212286 0.604629832006 0.41485702261 0.136318958791 0.0209094312432

